10,164
10,100
10,298
10,126
10,118
10,130
10,168
11,10
11,24
11,14
11,6
11,20
11,28
9,4
9,6
8,16
8,17
8,5
77,5
77,4
77,3
77,2
77,1
77,0
73,3
73,2
73,1
73,0
72,3
72,2
72,1
72,0
71,5
71,4
71,3
71,2
71,1
71,0
70,4
70,3
70,2
70,1
70,0
20,3
20,2
20,1
19,3
19,2
19,1
12,3
12,2
12,1
11,21
11,19
11,15
11,13
11,11
11,9
11,5
11,3
11,2
11,1
10,313
10,287
10,245
10,239
10,215
10,199
10,125
10,99
18,1
10,3
18,3
10,2
10,1
9,7
14,1
9,5
14,3
13,1
9,3
13,3
9,2
9,1
8,18
8,15
8,14
8,13
8,9
8,8
8,6
8,4
8,3
8,2
8,1
2,2
3,3
2,1
3,2
2,3
3,1
0,472
0,278
0,273
0,270
0,9
0,0
78,34
78,33
