0,526
73,3
73,2
73,1
73,0
72,3
72,2
72,1
72,0
71,5
71,4
71,3
71,2
71,1
71,0
70,4
70,3
70,2
70,1
70,0
69,3
69,2
69,1
69,0
68,3
68,2
68,1
68,0
67,4
67,3
67,2
67,1
67,0
0,525
0,524
0,523
0,522
0,521
0,520
66,3
66,2
66,1
66,0
0,519
65,3
65,2
0,518
65,1
65,0
0,517
0,516
64,5
0,515
64,4
64,3
64,2
64,1
64,0
0,514
63,4
63,3
63,2
63,1
63,0
0,513
62,3
62,2
62,1
62,0
61,3
61,2
61,1
61,0
60,4
60,3
60,2
60,1
60,0
59,3
59,2
59,1
59,0
0,512
58,3
58,2
58,1
58,0
57,3
57,2
57,1
57,0
56,5
0,511
56,4
0,510
56,3
56,2
0,509
56,1
56,0
0,508
0,507
0,506
55,4
55,3
55,2
55,1
55,0
0,505
0,504
54,3
54,2
54,1
54,0
0,503
0,502
53,3
53,2
0,501
53,1
53,0
0,500
52,4
52,3
52,2
52,1
52,0
51,3
51,2
51,1
51,0
50,3
50,2
50,1
50,0
49,3
49,2
49,1
49,0
48,5
48,4
48,3
48,2
48,1
48,0
0,499
47,4
47,3
47,2
47,1
47,0
46,3
46,2
46,1
46,0
0,498
0,497
45,3
45,2
0,496
45,1
45,0
0,495
0,494
44,4
0,493
0,492
0,491
44,3
44,2
0,490
44,1
